#V_RHE  I(mA/cm2)   Hydrogen    Methane Ethylene Acetate Ethanol n-propanol
-0.435 -0.155    51.683   0.0    3.403      0.0     0.0     0.0
-0.485 -0.318    55.413   0.0    9.533      2.567   0.0     0.0 
-0.534 -0.631    53.683   0.0    16.73      2.52    4.067   8.567 
-0.583 -0.897    45.907   0.0    25.58      2.133   10.767  6.867 
-0.633 -1.046    35.843   0.0    36.123     2.9     16.5    7.133 
-0.681 -1.374    46.2     0.0    37.803     1.867   15.667  3.567 
-0.729 -2.207    64.013   0.64   27.007     1.433   9.767   0.0
-0.772 -3.503    77.077   4.66   13.473     1.433   6.3     0.0
-0.803 -8.867    96.527   8.163  0.8        0.137   0.2667  0.0
