#V_RHE  Methane Ethylene    CO  Hydrogen    Formate Ethanol Acetate
-0.50   0.0     0.0     0.0002  0.025   0.0     0.0     0.0
-0.6    0.0     0.0     0.0014  0.0135  0.0262  0.0     0.0
-0.7    0.0     0.0     0.0051  0.0793  0.0022  0.0     0.0
-0.75   0.0     0.0     0.0138  0.1311  0.0149  0.0     0.0
-0.8    0.0     0.0009  0.0219  0.02    0.0805  0.0     0.0
-0.9    0.0065  0.0288  0.0452  0.1007  0.0642  0.0     0.0
-1.0    0.018   0.0386  0.0225  0.5702  0.0548  0.0509  0.0 
-1.05   0.3032  0.3571  0.062   0.3141  0.0996  0.0989  0.04 
-1.1    0.6669  0.8881  0.259   0.2238  0.2205  0.2514  0.0204 
-1.15   1.6766  0.8889  0.2219  2.0066  0.247   0.4899  0.1432 
-1.2    3.0108  0.7074  0.0342  3.1016  0.1306  0.3799  0.0742 
-1.25   2.0525  0.138   0.0214  4.3967  0.0     0.0     0.0
