#V_RHE  Methane Ethylene    CO  Hydrogen    Formate Ethanol Acetate
-0.30   0.0     0.0     0.0002  0.0     0.0     0.0     0.0
-0.4    0.0     0.0     0.0007  0.0175  0.0     0.0     0.0
-0.5    0.0     0.0     0.002   0.004   0.0     0.0     0.0
-0.6    0.0     0.0     0.0033  0.0478  0.0     0.0     0.0
-0.7    0.0     0.0017  0.0105  0.0056  0.022   0.0     0.0
-0.85   0.017   0.0366  0.0089  0.0553  0.0152  0.0     0.0
-0.9    0.0116  0.0879  0.0118  0.0415  0.0088  0.0169  0.0111
-0.95   0.0496  0.0608  0.0323  0.2738  0.0002  0.028   0.0092
-1.0    0.0241  0.1304  0.0448  0.0971  0.0867  0.0396  0.0217
-1.05   1.0378  0.3286  0.0449  0.9816  0.0946  0.1649  0.0217
-1.1    0.095   0.037   0.0027  0.6873  0.012   0.0506  0.0093
-1.15   1.703   0.0983  0.0012  0.3062  0.0752  0.0     0.0 
-1.2    0.8674  0.0055  0.0029  2.1034  0.0281  0.0     0.0
-1.25   1.445   0.0193  0.0012  3.0329  0.0467  0.0     0.0

