#V_RHE  Methane Ethylene    CO  Hydrogen    Formate Ethanol Acetate
-0.60   0.0     0.0     0.0006  0.1218  0.0     0.0     0.0
-0.65   0.0     0.0     0.0015  0.2653  0.0011  0.0     0.0
-0.7    0.0     0.0     0.0006  0.1005  0.0106  0.0     0.0
-0.8    0.0     0.0     0.0075  0.0911  0.0368  0.0     0.0
-0.9    0.0013  0.006   0.0301  0.1698  0.086   0.0     0.0
-0.95   0.02    0.0111  0.0517  0.0636  0.0326  0.0     0.0
-1.0    0.2822  0.0861  0.0463  0.1318  0.0009  0.0     0.0
-1.05   0.5594  0.3739  0.1665  0.2885  0.1583  0.1271  0.0341
-1.1    0.1101  0.4726  0.0301  0.3719  0.103   0.1093  0.0332
-1.15   1.4947  0.2737  0.0074  0.4613  0.079   0.0673  0.0312
-1.2    0.0368  0.0431  0.0197  1.9916  0.1057  0.0     0.0
-1.25   0.1346  0.0193  0.0152  4.6671  0.0266  0.0     0.0
