#V_RHE  I(mA/cm2)   Acetate Ethanol Ethylene    Formate CO  Methane Hydrogen 
-1.22    400         0.0     5.1     10.8     7.7     22.7     0.0     51.2     
-1.28    600         0.0     5.4     13.9     9.6     21.8     0.0     46.1      
-1.32    800         0.0     8.8     17.9     7.4     19.9     0.0     42.4     
-1.336   1000        0.0     11.4    22.1     6.2     13.9     0.0     43.0   
-1.34    1200        0.0     11.3    25.8     7.7     12.5     0.0     39.3  

















